858518
838932
832435
830361
831769
840730
832907
837993
840550
843526
871392
907747
840882
844548
862495
865440
847373
844986
848016
862564
886200
871701
854597
887416
930148
866167
843723
856255
861372
881325
845267
846686
845423
847236
842865
843822
872967
916626
852422
845776
840404
842727
845919
845188
851123
850946
874670
843737
844465
879005
911725
841917
897814
929429
847486
871688
856528
1.09121e+06
1.14493e+06
1.1584e+06
1.12653e+06
1.14099e+06
1.19142e+06
1.08548e+06
1.09486e+06
1.10275e+06
1.08323e+06
1.10181e+06
1.065e+06
1.05669e+06
1.0626e+06
1.06263e+06
1.09385e+06
1.06137e+06
1.04682e+06
1.05006e+06
1.12706e+06
1.07113e+06
1.07894e+06
1.05145e+06
1.05054e+06
1.05642e+06
1.20298e+06
1.0304e+06
1.04883e+06
1.06809e+06
1.06328e+06
1.05106e+06
1.05943e+06
1.09054e+06
1.07963e+06
1.07276e+06
1.09909e+06
1.14919e+06
1.04176e+06
1.0548e+06
1.06661e+06
1.05715e+06
1.06152e+06
1.05739e+06
