644234
595286
600592
672439
604239
586934
582475
591348
583415
586676
591682
583856
584535
581923
588356
582776
584304
589185
582683
584022
602941
732166
731102
741007
721475
700036
701364
588454
584440
585302
583723
585510
583686
588875
585642
584533
582561
601872
599336
647775
721331
625772
619220
616511
620978
620605
633547
620961
618255
624218
623042
625616
619575
683349
674747
628088
616242
618178
615993
687552
617384
616524
608548
701623
737309
679920
715752
700675
627778
591357
583530
589373
584208
584968
581442
582126
584884
583061
582003
581494
581671
593524
581813
585204
583293
585651
581748
590366
681915
878277
750258
786339
751146
840565
777617
734829
726472
728792
792745
857212
737205
783795
724241
798402
726544
728840
725782
730187
738130
730909
727160
746334
738503
735686
723210
728728
723685
716818
710863
705924
714427
704219
756115
703791
713127
704178
705097
710501
706370
712119
706848
702796
708244
707442
725762
731367
818790
701976
735746
732731
715029
733153
714885
735417
762224
910429
875288
863257
823117
829004
719119
750723
730228
781301
772091
780654
813926
819515
958459
837124
793094
704188
714112
705558
709735
710414
701867
706600
712742
710828
707132
705054
704200
724976
704675
820170
684556
702236
704274
706850
703276
710865
703295
708155
705895
701442
708901
712426
702525
701931
704086
704665
703177
705678
704724
705162
709007
704582
705012
701785
